-10,100
-9.797979797979798,96.00040812162024
-9.595959595959595,92.08244056728904
-9.393939393939393,88.2460973370064
-9.19191919191919,84.49137843077234
-8.989898989898988,80.81828384858684
-8.787878787878785,77.22681359044991
-8.585858585858583,73.71696765636155
-8.38383838383838,70.28874604632175
-8.181818181818178,66.94214876033051
-7.979797979797976,63.67717579838786
-7.777777777777773,60.49382716049376
-7.575757575757571,57.39210284664823
-7.373737373737368,54.37200285685126
-7.171717171717166,51.43352719110287
-6.9696969696969635,48.57667584940304
-6.767676767676761,45.80144883175177
-6.565656565656559,43.10784613814908
-6.363636363636356,40.49586776859495
-6.161616161616154,37.96551372308939
-5.959595959595951,35.51678400163239
-5.757575757575749,33.14967860422396
-5.5555555555555465,30.864197530864097
-5.353535353535344,28.6603407815528
-5.151515151515142,26.538108356290074
-4.949494949494939,24.49750025507591
-4.747474747474737,22.538516477910317
-4.545454545454534,20.661157024793287
-4.343434343434332,18.865421895724825
-4.1414141414141294,17.15131109070493
-3.9393939393939275,15.518824609733606
-3.7373737373737255,13.967962452810848
-3.5353535353535235,12.498724619936658
-3.3333333333333215,11.111111111111033
-3.1313131313131195,9.805121926333973
-2.9292929292929175,8.580757065605482
-2.7272727272727155,7.438016528925556
-2.5252525252525135,6.376900316294196
-2.3232323232323115,5.397408427711404
-2.1212121212121096,4.499540863177177
-1.9191919191919076,3.6832976226915175
-1.7171717171717056,2.948678706254424
-1.5151515151515036,2.295684113865897
-1.3131313131313016,1.7243138455259364
-1.1111111111110996,1.2345679012345423
-0.9090909090908976,0.8264462809917147
-0.7070707070706956,0.4999489847974535
-0.5050505050504936,0.2550760126517587
-0.30303030303029166,0.09182736455463039
-0.10101010101008964,0.010203040506068512
0.10101010101011237,0.010203040506073105
0.3030303030303144,0.09182736455464419
0.5050505050505164,0.2550760126517817
0.7070707070707184,0.4999489847974857
0.9090909090909204,0.8264462809917561
1.1111111111111225,1.2345679012345931
1.3131313131313245,1.7243138455259965
1.5151515151515265,2.2956841138659665
1.7171717171717285,2.9486787062545026
1.9191919191919304,3.6832976226916054
2.1212121212121327,4.499540863177275
2.3232323232323346,5.397408427711511
2.5252525252525366,6.376900316294313
2.7272727272727386,7.438016528925682
2.9292929292929406,8.580757065605617
3.1313131313131426,9.805121926334118
3.3333333333333446,11.111111111111185
3.5353535353535466,12.498724619936821
3.7373737373737486,13.96796245281102
3.9393939393939505,15.51882460973379
4.1414141414141525,17.15131109070512
4.343434343434355,18.865421895725028
4.545454545454557,20.661157024793496
4.74747474747476,22.538516477910534
4.949494949494962,24.49750025507614
5.151515151515165,26.53810835629031
5.353535353535367,28.66034078155305
5.55555555555557,30.864197530864352
5.757575757575772,33.14967860422423
5.959595959595974,35.516784001632665
6.161616161616177,37.96551372308967
6.363636363636379,40.49586776859524
6.565656565656582,43.10784613814938
6.767676767676784,45.80144883175208
6.969696969696987,48.57667584940336
7.171717171717189,51.433527191103195
7.3737373737373915,54.3720028568516
7.575757575757594,57.39210284664858
7.777777777777796,60.493827160494114
7.979797979797999,63.67717579838822
8.181818181818201,66.9421487603309
8.383838383838404,70.28874604632213
8.585858585858606,73.71696765636194
8.787878787878808,77.22681359045032
8.989898989899011,80.81828384858726
9.191919191919213,84.49137843077277
9.393939393939416,88.24609733700684
9.595959595959618,92.08244056728948
9.79797979797982,96.0004081216207
10.000000000000023,100.00000000000047
